1728505794918 0.1015625 0
1728505798384 0.890625 1
1728505803104 0.9375 2
1728505808679 0.8984375 3
1728505814915 0.8515625 4
1728505820462 0.8890427350997925 0
1728505820510 0.953125 0
1728505824354 0.9296875 2
1728505828102 0.9453125 4
1728505833066 0.90625 6
1728505838244 0.8515625 8
1728505843118 0.903085470199585 0
1728505843167 0.9609375 0
1728505846658 0.9453125 3
1728505850250 0.9375 6
1728505853792 0.90625 9
1728505859004 0.8515625 12
1728505864540 0.9104034900665283 0
1728505864596 0.953125 0
1728505868904 0.9453125 4
1728505872972 0.9375 8
1728505877087 0.9140625 12
1728505882757 0.8515625 16
1728505887139 0.9136669039726257 0
1728505887179 0.9609375 0
1728505890945 0.953125 5
1728505894733 0.9375 10
1728505898671 0.9296875 15
1728505903735 0.8671875 20
1728505908462 0.9182159900665283 0
