1728505794916 2.2948758602142334 0
1728505798383 0.37251219153404236 1
1728505803102 0.2520352303981781 2
1728505808677 0.3366648256778717 3
1728505814913 0.5002804398536682 4
1728505820464 0.3712027957545051 0
1728505820507 0.27484479546546936 0
1728505824352 0.23501047492027283 2
1728505828100 0.21325528621673584 4
1728505833063 0.3042585551738739 6
1728505838242 0.4559550881385803 8
1728505843120 0.33279064689067345 0
1728505843165 0.22993727028369904 0
1728505846656 0.21846823394298553 3
1728505850248 0.2089100182056427 6
1728505853790 0.2783031761646271 9
1728505859001 0.4273679852485657 12
1728505864541 0.31095975630362577 0
1728505864594 0.2066279798746109 0
1728505868902 0.2084890753030777 4
1728505872969 0.20520298182964325 8
1728505877085 0.2584974765777588 12
1728505882754 0.39923110604286194 16
1728505887140 0.2932223815093689 0
1728505887178 0.19013814628124237 0
1728505890943 0.19836634397506714 5
1728505894732 0.19900371134281158 10
1728505898669 0.24069972336292267 15
1728505903733 0.36808350682258606 20
1728505908462 0.2744914386185664 0
